***************
New Game.
***************
Computer SetUp
1)Carrier: 6,5/(u)
2)Battleship: 9,0/(l)
3)Cruiser: 7,8/(l)
4)Submarine: 1,6/(u)
5)Destroyer: 4,7/(r)
Computer predicted attack coordinate:
(2,2),(1,1),(8,8),(7,7),(2,2),(5,5),(5,6),(5,5),(4,5),(3,5),(2,5),(6,6),(8,8),(5,5),(1,1),(4,4),(0,0),(4,4),(8,8),
***************
New Game.
***************
Computer SetUp
1)Carrier: 9,2/(d)
2)Battleship: 9,8/(l)
3)Cruiser: 4,6/(l)
4)Submarine: 3,2/(d)
5)Destroyer: 0,1/(d)
Computer predicted attack coordinate:
(1,1),(0,0),(0,7),(1,7),(3,3),(0,0),(9,9),(1,1),(8,8),(4,4),(7,7),(4,4),(5,5),(8,8),(0,0),(1,8),(9,9),(0,0),(1,9),(9,9),(2,2),(3,0),(4,0),(5,0),(4,4),(9,9),(0,0),(5,5),(3,3),(0,0),(1,0),(1,1),(3,3),(8,8),(1,1),(3,3),(3,4),(7,7),(8,8),(7,7),(0,0),(2,2),(7,7),(8,8),(5,5),(2,2),(2,2),(6,6),(5,5),(5,7),(6,7),(6,6),(3,3),(0,0),(5,5),(5,8),(4,8),(8,8),(6,6),(9,9),(6,6),(3,3),(5,5),(4,5),(4,4),(2,2),(9,9),(3,3),(7,7),(4,4),(2,2),(6,6),(0,0),(8,8),(9,9),(6,6),(8,8),(3,3),(8,8),(1,1),(7,7),(4,4),(4,4),(5,5),(7,7),(2,2),(9,9),(2,2),(6,6),
***************
New Game.
***************
Computer SetUp
1)Carrier: 5,3/(d)
2)Battleship: 1,0/(d)
3)Cruiser: 6,2/(r)
4)Submarine: 7,9/(r)
5)Destroyer: 0,0/(d)
Computer predicted attack coordinate:
(8,8),(7,7),(3,3),(4,5),(4,6),(1,1),(5,5),(5,6),(5,7),(6,7),(4,4),(6,6),(0,0),(4,4),(3,3),(4,4),(2,2),(9,9),(6,6),(9,9),(4,4),(2,2),(0,0),(0,0),(0,9),(1,9),(4,4),(1,1),(0,0),(0,1),(9,9),(9,9),(2,2),(3,0),(3,1),(1,1),(5,5),(2,2),(6,6),(9,9),(5,5),(5,5),(4,4),(9,9),(7,7),(0,0),(0,7),
***************
New Game.
***************
Computer SetUp
1)Carrier: 2,9/(r)
2)Battleship: 6,3/(r)
3)Cruiser: 9,9/(l)
4)Submarine: 4,8/(r)
5)Destroyer: 4,7/(l)
Computer predicted attack coordinate:
(2,2),(8,8),(6,6),(1,1),(7,7),(0,0),(8,8),(3,3),(3,3),(6,6),(8,8),(8,8),(0,0),(0,9),
***************
New Game.
***************
Computer SetUp
1)Carrier: 5,3/(d)
2)Battleship: 5,2/(l)
3)Cruiser: 7,0/(d)
4)Submarine: 6,9/(l)
5)Destroyer: 2,6/(r)
Computer predicted attack coordinate:
(6,6),(1,1),(9,9),(9,9),(7,7),(0,0),(0,6),(1,6),(3,3),(4,0),
***************
New Game.
***************
Computer SetUp
1)Carrier: 0,7/(r)
2)Battleship: 4,8/(r)
3)Cruiser: 9,3/(d)
4)Submarine: 8,6/(l)
5)Destroyer: 8,9/(u)
Computer predicted attack coordinate:
(1,1),(6,6),(8,8),(6,6),(6,8),(3,3),(2,2),(5,5),
***************
New Game.
***************
Computer SetUp
1)Carrier: 1,4/(r)
2)Battleship: 7,0/(l)
3)Cruiser: 3,3/(r)
4)Submarine: 9,3/(d)
5)Destroyer: 0,3/(d)
Computer predicted attack coordinate:
(6,6),(3,3),(3,3),(4,5),(5,5),(5,6),(4,6),(1,1),(5,5),(5,8),(5,7),(4,7),